Run semi-empirical minimization
 &qmmm
    qm_theory='AM1', grms_tol=0.0005,
 scfconv=1.d-10, ndiis_attempts=700,   qmcharge=1,
 /
   6    C1       39.1650       16.0310       31.3510 
   6    C2       39.9530       16.1960       30.0620 
   8    O1       41.0940       17.0270       30.2770 
   6    C3       39.0140       16.7460       28.9920 
   8    O2       39.7440       17.0680       27.7990 
   6    C4       37.9450       15.7000       28.7120 
   8    O3       38.5840       14.5650       28.1190 
   6    C5       37.1990       15.2780       29.9840 
   7     N       38.1340       15.0600       31.0690 
   6    C6       36.3920       14.0070       29.7670 
   8    O4       35.4890       13.8040       30.8510 
   1    H1       38.7270       16.9630       31.6410 
   1    H2       39.7940       15.7110       32.1550 
   1    H3       40.3310       15.2530       29.7260 
   1    H4       40.8050       17.9000       30.5850 
   1    H5       38.5530       17.6480       29.3360 
   1    H6       40.1770       16.2690       27.4590 
   1    H7       37.2150       16.1200       28.0520 
   1    H8       39.2400       14.2040       28.7360 
   1    H9       36.5270       16.0730       30.2330 
   1   H10       37.5790       14.9670       31.9200 
   1   H11       38.6630       14.2460       30.7570 
   1   H12       37.0580       13.1720       29.7020 
   1   H13       35.8320       14.1010       28.8600 
   1   H14       35.9900       13.7180       31.6770 

